10010101100110101111111011010101
01100101001111111111111100110100
10010010011111111111111111101001
10101010111111111111111111010010
01100011111111011111111111111101
01011111111101100000011111100010
10101111111110101011101111011011
01011111111101011100101111111101
00111111000000000000000011111101
01111100000000000000000011111110
01111101000000000000000001111001
11111101000000000000000011111010
01110010000000000000000000111010
11111101000000000000000010011100
01100101000000000000000011011111
11111010000000000000000001011110
11110010101011010000000010111111
11111101010001110000000001011110
11101110110101000000000011101111
11101111101001010000000010110111
11111111010010100000000001101111
11000111100101000000000011001011
01101011111000110000000001011111
00101011110101010000000010101111
01101011111111010110101101011111
10001101111110011100010000011110
00110010111111100101100110111111
01011001011111111111111011111101
11001000110111111111111111111100
01110011010111111111111111110010
00110100100101011111111010101101
10001101101000100111111111101010
